0000000000000000000111122
00000000000000000011111122
000000000000000001111111122
0000000000000000111100111122
00000000000000011110000111122
000000000000001311000000111122
0000000000000111100000000111122
00000000000011110000000000111122
000000000001111222222222222111122
0000000000111111111111111111111122
00000000011111111111111111111111122
000000001111000000000000000000113122
0000000111100000000000000000000111122
00000011110000000000000000000000111122
000001111000000000000000000000000111122
0000111100000000000000000000000000111122
001111110000000000000000000000000111111122