0000000000000000111311122
00000000000011112200000111122
0000000000131112200000000111122
00000000011112200000000000031122
000000011111220000000000000001122
0000001111122000000000000000000122
000001111122
00001111122
000111111220000000000000222222222222
000111111220000000000000311111111122
000011311220000000000000111111111122
000001111122000000000000000001113122
000000111112200000000000000011101122
000000001311122000000000000111101122
000000000011112200000000001132201122
000000000000131220000000111122
000000000000011111111111122