0000111111112200000001111111122
00000011111220000000001111122
0000001111220000000000111122
0000001111220000000000111122
0000001111220000000000111122
0000001111220000000000111122
0000001111222222222222111122
0000001111111111111111111122
0000001111111111111111111122
0000001111220000000000111122
0000001111220000000000111122
0000001111220000000000111122
0000001111220000000000111122
0000001111220000000000111122
0000001111220000000000111122
00000011111220000000011111122
0000111111111220000011111111122