001111111122000000000000000000111111122
001111111112200000000000000001111111122
001111221111220000000000000011112211122
001111221111220000000000000111122111122
001111220111122000000000001111122111122
001131220111122000000000011111220111122
001111220011112200000000111112200111122
001111220011112200000001111122000113122
001111220001111122000001113122000111122
001111220001111122000011111122000111122
001111220000111112200011111122000111122
001111220000013112000111112200000111122
001111220000001111101111220000000111122
001111220000000111101112200000000111122
001111220000000011111122000000000111122
001111122000000001112200000000001111122
001111112200000000000000000000011111122