0011111111220000000000011111122
0011111111122000000000001111122
0011112211112200000000000111122
0013112201111220000000000111122
0011112200111122000000000111122
0011112200011112200000000111122
0011112200001111220000000111122
0011112200000111122000000111122
0011112200000011112200000111122
0011112200000001111220000111122
0011112200000000111122000111122
0011112200000000011112200111122
0011112200000000001111220111322
0011112200000000000111120111122
0011112200000000000011110111122
0011111220000000000001111111122
0011111122000000000000111111122