000000000000000000111111122
0000000000000011112200000111122
000000000001111122000000001111122
0000000000111122000000000000111122
000000000111112200000000000001111122
0000000011111220000000000000001111122
00000001111122000000000000000001111122
000000111112200000000000000000001111122
0000011111122000000000000000000011113122
0000011111122000000000000000000011111122
000000111112200000000000000000001111122
00000001111122000000000000000001111122
0000000011111220000000000000001111122
000000000111112200000000000001111122
0000000000011112200000000000111122
000000000000011112200000000111122
00000000000000000111111111122