000000000000000000111111122
0000000000000011312200000111122
000000000001111122000000001111122
0000000000111122000000000000111122
000000000111112200000000000001111122
0000000011111220000000000000001131122
00000001131122000000000000000001111122
000000111112200000000000000000001111122
0000011111122000000000000000000011311122
0000013111122000000000000000000011111122
000000111112200000000111111220001111122
00000001111122000000000111122001111122
0000000011111220000000000011101311122
000000000111112200000000000111111122
0000000000013112200000000000111122
00000000000001111220000000011110111122
0000000000000000011111131112200000111322