0000000000000000111111122
00000000000000111122000111122
0000000000011111220000000113122
00000000001111220000000000011122
0000000001131122000000000000011122
0000000001111122000000000000001122
00000000000111111122
0000000000000111111122
00000000000000011113111122
00000000000000000111111111122
00000000000000000000011111111122
00000000000000000000000001111111122
000000013220000000000000000001111122
000000001112200000000000000000111122
00000000011112200000000000000111322
0000000000111122000000000000111122
000000000000001111111111111122