0001111111220000000000000111111122
000011111220000000000000001131122
000011111220000000000000001111122
000011111220000000000000001111122
000011111220000000000000001111122
000011111220000000000000001111122
000011111220000000000000001111122
000011111220000000000000001111122
000011111220000000000000001111122
000011111220000000000000001111122
000011111220000000000000001111122
000011111122000000000000001111122
000001111112200000000000011111122
00000011111122000000000011111122
000000011111220000000001111122
00000000111112200000001111122
000000000000111111111122