0001111111220000000000000000111111122
000011111220000000000000000001311122
00000111112200000000000000001111122
00000113112200000000000000001111122
0000001111122000000000000001111122
0000001111122000000000000001111122
000000011111220000000000001111122
000000011111220000000000001111122
00000000111312200000000001111122
00000000111112200000000001111122
0000000001111122000000001111122
000000000111111220000001111122
00000000001111122000001111322
0000000000011311220001111122
000000000000111112201111122
00000000000001111221111122
0000000000000000113122