1111111220000000000000000000000111111122
01111220000000000001112200000000111122
00111122000000000011111220000000111122
0011112200000000011101312200000111122
0011112200000000011101112200000111122
0011112200000000011101112200000111122
0001112200000000011101112200000111122
0001111220000000013101112200000111322
0001111220000000111220111220000111122
0000111122000000111220111220000111122
0000111122000001111220111122000111122
0000011132200001112200013122000111122
000000111122001111220001111220011122
000000111122001111220001111220111122
000000011112201112200000111220111122
0000000111101111220000001111011122
000000000111122000000000001111122